GOID	TERM	CORRECTED_PVALUE	UNCORRECTED_PVALUE	NUM_LIST_ANNOTATIONS	LIST_SIZE	TOTAL_NUM_ANNOTATIONS	POPULATION_SIZE	FDR_RATE	EXPECTED_FALSE_POSITIVES	ANNOTATED_GENES
GO:0015934	large ribosomal subunit	0.00600336803918402	9.23595082951387e-05	5	24	143	7166	0.00%	0.00	RPL43A, RPL30, RPL16B, RPL6B, MRPL20
GO:0044445	cytosolic part	0.00621256125565108	9.55778654715551e-05	6	24	235	7166	0.00%	0.00	RPL30, RPL43A, RPL16B, RPL6B, CCT4, RPS1A
GO:0032991	macromolecular complex	0.00633987665275778	9.75365638885812e-05	17	24	2279	7166	0.00%	0.00	RPL43A, RPL16B, RPB8, RPL6B, DFM1, VAM3, TRM112, RVB2, RPL30, BUB1, PRP11, SPT6, MRPL20, CCT4, RPS1A, SKI6, SMD2
GO:0044391	ribosomal subunit	0.00747829655895468	0.00011505071629161	6	24	243	7166	0.00%	0.00	RPL30, RPS1A, RPL6B, RPL16B, RPL43A, MRPL20
