GOID	TERM	CORRECTED_PVALUE	UNCORRECTED_PVALUE	NUM_LIST_ANNOTATIONS	LIST_SIZE	TOTAL_NUM_ANNOTATIONS	POPULATION_SIZE	FDR_RATE	EXPECTED_FALSE_POSITIVES	ANNOTATED_GENES
GO:0003735	structural constituent of ribosome	0.00420542608074843	9.55778654715551e-05	6	24	235	7166	4.00%	0.04	RPL16B, RPL43A, RPL30, RPS1A, RPL6B, MRPL20
GO:0005488	binding	0.00503406407758858	0.000114410547217922	21	24	3550	7166	3.00%	0.06	RPL6B, MOD5, BUB1, RVB2, VAM3, RPL43A, RPL30, RPB8, ARO9, PRP11, SKI6, IFM1, CCT4, TRM112, HSM3, DFM1, SPT6, PDC6, CDC25, SMD2, RPL16B
