GOID	TERM	CORRECTED_PVALUE	UNCORRECTED_PVALUE	NUM_LIST_ANNOTATIONS	LIST_SIZE	TOTAL_NUM_ANNOTATIONS	POPULATION_SIZE	FDR_RATE	EXPECTED_FALSE_POSITIVES	ANNOTATED_GENES
GO:0022613	ribonucleoprotein complex biogenesis	0.00204319502589653	9.41564528062915e-06	10	24	593	7166	2.00%	0.02	RPL30, SMD2, TRM112, RVB2, RPL16B, SKI6, RPB8, PRP11, RPS1A, RPL6B
GO:0006396	RNA processing	0.00669310414315898	3.08437978947418e-05	10	24	678	7166	1.00%	0.02	RPL16B, PRP11, SKI6, RPL30, SMD2, TRM112, RVB2, RPS1A, MOD5, SPT6
