GOID	TERM	CORRECTED_PVALUE	UNCORRECTED_PVALUE	NUM_LIST_ANNOTATIONS	LIST_SIZE	TOTAL_NUM_ANNOTATIONS	POPULATION_SIZE	FDR_RATE	EXPECTED_FALSE_POSITIVES	ANNOTATED_GENES
GO:0003735	structural constituent of ribosome	3.96852091694141e-05	4.89940853943384e-07	12	61	235	7166	0.00%	0.00	RPL43A, MRPL20, MRPL37, MRPL6, RPL19A, RPL5, RLP7, RPL30, RPS1A, RPL16B, RPL6B, RPS29B
GO:0005198	structural molecule activity	0.00674152792772022	8.32287398483978e-05	12	61	388	7166	2.00%	0.04	RPS29B, RPL6B, RPL30, RPL16B, RPS1A, RLP7, RPL5, RPL19A, MRPL6, MRPL37, MRPL20, RPL43A
GO:0005488	binding	0.0076212730221017	9.40897903963173e-05	45	61	3550	7166	1.33%	0.04	YEF3, IFM1, RPL30, CDC25, CCT4, CDC8, THS1, RPS29B, FPK1, RVS167, POP2, UTP14, GFA1, MRPL6, MCM5, HAL5, TRM112, RRP9, MOD5, DFM1, SKI6, SYT1, ARO9, PDC6, PRP11, RPL5, RPL19A, ARP3, RPL16B, CSL4, VAM3, SPT6, SNP1, RLP7, NRG2, RPL6B, ISA2, SMD2, RVB2, HSM3, BUB1, SRB7, GAL7, RPB8, RPL43A
